[[-2.03965, -5.96032, 4.0, 0.07559],
[-1.741, -6.00746, 4.0, 0.07559],
[-1.4424, -6.05484, 4.0, 0.07559],
[-1.14384, -6.10251, 3.65583, 0.0827],
[-0.84532, -6.15042, 3.29676, 0.09171],
[-0.54723, -6.19781, 3.03212, 0.09954],
[-0.25044, -6.24197, 2.83268, 0.10593],
[0.04504, -6.28042, 2.68961, 0.11079],
[0.33894, -6.31076, 2.5618, 0.11533],
[0.63084, -6.33077, 2.46305, 0.11879],
[0.92016, -6.33846, 2.38699, 0.12125],
[1.20619, -6.33207, 2.3296, 0.12281],
[1.48809, -6.3101, 2.28845, 0.12356],
[1.76495, -6.2715, 2.2616, 0.1236],
[2.03569, -6.21526, 2.24765, 0.12302],
[2.29913, -6.14073, 2.24638, 0.12188],
[2.55403, -6.04753, 2.24638, 0.12082],
[2.79913, -5.93559, 2.24638, 0.11995],
[3.03313, -5.8051, 2.24638, 0.11927],
[3.25482, -5.65652, 2.24638, 0.1188],
[3.46305, -5.49055, 2.24638, 0.11854],
[3.65678, -5.30809, 2.25637, 0.11795],
[3.83515, -5.11019, 2.27887, 0.11691],
[3.99749, -4.89805, 2.30995, 0.11564],
[4.1433, -4.67295, 2.36522, 0.1134],
[4.27247, -4.43628, 2.42698, 0.11109],
[4.38505, -4.18938, 2.51124, 0.10805],
[4.4814, -3.93361, 2.61873, 0.10437],
[4.56219, -3.67027, 2.75914, 0.09984],
[4.62845, -3.40058, 2.93795, 0.09452],
[4.68142, -3.12569, 3.18009, 0.08803],
[4.72272, -2.84665, 3.20555, 0.088],
[4.754, -2.56433, 2.99625, 0.0948],
[4.77716, -2.27956, 2.84728, 0.10035],
[4.80464, -2.01227, 2.71998, 0.09879],
[4.83914, -1.74858, 2.61885, 0.10155],
[4.88211, -1.48932, 2.54096, 0.10342],
[4.93468, -1.23519, 2.48001, 0.10464],
[4.99782, -0.98681, 2.43048, 0.10544],
[5.07219, -0.7447, 2.39056, 0.10595],
[5.15844, -0.50937, 2.35124, 0.1066],
[5.25709, -0.28127, 2.31988, 0.10713],
[5.36858, -0.06082, 2.28544, 0.10809],
[5.49329, 0.1516, 2.25226, 0.10937],
[5.6317, 0.35558, 2.21464, 0.11131],
[5.78433, 0.55073, 2.18088, 0.1136],
[5.95205, 0.73656, 2.14307, 0.11681],
[6.13606, 0.91258, 2.1087, 0.12076],
[6.33846, 1.07826, 2.08181, 0.12564],
[6.56418, 1.23381, 2.06059, 0.13303],
[6.77843, 1.41114, 2.0435, 0.1361],
[6.97224, 1.60367, 2.03455, 0.13428],
[7.14452, 1.80966, 2.03242, 0.13212],
[7.29459, 2.02774, 2.03242, 0.13025],
[7.4219, 2.25658, 2.03242, 0.12885],
[7.52591, 2.49484, 2.03242, 0.12791],
[7.60601, 2.74117, 2.03242, 0.12745],
[7.66166, 2.99416, 2.03242, 0.12745],
[7.69234, 3.2523, 2.03858, 0.12752],
[7.6976, 3.51397, 2.04075, 0.12825],
[7.67683, 3.77748, 2.05872, 0.12839],
[7.62975, 4.04092, 2.07639, 0.12889],
[7.55613, 4.30225, 2.10194, 0.12917],
[7.45602, 4.55923, 2.13297, 0.1293],
[7.3298, 4.80952, 2.15912, 0.12982],
[7.17808, 5.05053, 2.19487, 0.12975],
[7.0021, 5.27964, 2.23089, 0.1295],
[6.80365, 5.49425, 2.26853, 0.12885],
[6.58508, 5.69195, 2.30559, 0.12783],
[6.34909, 5.87076, 2.34088, 0.12648],
[6.0984, 6.02927, 2.37451, 0.12491],
[5.83543, 6.16668, 2.40448, 0.1234],
[5.56227, 6.28259, 2.4367, 0.12178],
[5.28087, 6.37682, 2.46601, 0.12034],
[4.99326, 6.44929, 2.49297, 0.11897],
[4.70165, 6.50003, 2.52197, 0.11736],
[4.4083, 6.52937, 2.55285, 0.11548],
[4.11527, 6.5379, 2.59105, 0.11314],
[3.82422, 6.52656, 2.63699, 0.11045],
[3.5364, 6.49645, 2.70319, 0.10705],
[3.25261, 6.44891, 2.77459, 0.10371],
[2.97333, 6.3852, 2.86141, 0.10011],
[2.69879, 6.30658, 2.96066, 0.09646],
[2.42903, 6.21423, 3.08561, 0.0924],
[2.16396, 6.10939, 3.24326, 0.08789],
[1.90333, 5.99331, 3.44404, 0.08284],
[1.6468, 5.86728, 3.70969, 0.07704],
[1.39393, 5.73267, 4.0, 0.07162],
[1.14418, 5.59093, 4.0, 0.07179],
[0.89693, 5.44354, 4.0, 0.07196],
[0.65154, 5.29203, 4.0, 0.0721],
[0.40732, 5.13795, 4.0, 0.07219],
[0.15748, 4.97901, 4.0, 0.07403],
[-0.09348, 4.82238, 4.0, 0.07396],
[-0.34608, 4.66918, 3.89622, 0.07582],
[-0.6008, 4.52045, 3.81274, 0.07736],
[-0.85803, 4.37712, 3.74832, 0.07856],
[-1.11813, 4.24006, 3.71842, 0.07907],
[-1.38135, 4.11002, 3.71243, 0.07908],
[-1.64788, 3.98761, 3.71243, 0.079],
[-1.91784, 3.87337, 3.71243, 0.07896],
[-2.19127, 3.76769, 3.71243, 0.07896],
[-2.46818, 3.67093, 3.71243, 0.07901],
[-2.7485, 3.58329, 3.41882, 0.08591],
[-3.03214, 3.50491, 3.1873, 0.09232],
[-3.31894, 3.43582, 3.00351, 0.09822],
[-3.60878, 3.3761, 2.86969, 0.10312],
[-3.90152, 3.32587, 2.75758, 0.10771],
[-4.19219, 3.28582, 2.68355, 0.10934],
[-4.47824, 3.23495, 2.62206, 0.11081],
[-4.75893, 3.17204, 2.57866, 0.11155],
[-5.03346, 3.09603, 2.54835, 0.11178],
[-5.30106, 3.00618, 2.52912, 0.11161],
[-5.56092, 2.90187, 2.51401, 0.11138],
[-5.8123, 2.7828, 2.51401, 0.11064],
[-6.05446, 2.64879, 2.51401, 0.11009],
[-6.28666, 2.49982, 2.51401, 0.10974],
[-6.50818, 2.33598, 2.51401, 0.1096],
[-6.71831, 2.15747, 2.51401, 0.10967],
[-6.9163, 1.96453, 2.51713, 0.10983],
[-7.10148, 1.75758, 2.51713, 0.11032],
[-7.27308, 1.53703, 2.53161, 0.11038],
[-7.4304, 1.30346, 2.55117, 0.11038],
[-7.57276, 1.05756, 2.57131, 0.1105],
[-7.69944, 0.8001, 2.59435, 0.1106],
[-7.80974, 0.53196, 2.62495, 0.11045],
[-7.90304, 0.25426, 2.64299, 0.11084],
[-7.97859, -0.03183, 2.66626, 0.11098],
[-8.03579, -0.3248, 2.66774, 0.1119],
[-8.0741, -0.62295, 2.64985, 0.11344],
[-8.09313, -0.92424, 2.62907, 0.11483],
[-8.09261, -1.22658, 2.60376, 0.11612],
[-8.07249, -1.52788, 2.58895, 0.11664],
[-8.03286, -1.82616, 2.57275, 0.11696],
[-7.97398, -2.11965, 2.55997, 0.11693],
[-7.89625, -2.40669, 2.55997, 0.11616],
[-7.80018, -2.68581, 2.55997, 0.11531],
[-7.68631, -2.95566, 2.55997, 0.11441],
[-7.55536, -3.21515, 2.55997, 0.11354],
[-7.40802, -3.46331, 2.55997, 0.11274],
[-7.24504, -3.69929, 2.56088, 0.11199],
[-7.06726, -3.92246, 2.57096, 0.11098],
[-6.87558, -4.13237, 2.59079, 0.10972],
[-6.6709, -4.32872, 2.62153, 0.10819],
[-6.45413, -4.51134, 2.66477, 0.10637],
[-6.22619, -4.68024, 2.72213, 0.10422],
[-5.98798, -4.83553, 2.79549, 0.10172],
[-5.74041, -4.97752, 2.8875, 0.09884],
[-5.48439, -5.10664, 2.99959, 0.09559],
[-5.2208, -5.22344, 3.12875, 0.09215],
[-4.95047, -5.32858, 3.2875, 0.08823],
[-4.67423, -5.42284, 3.4806, 0.08386],
[-4.39287, -5.50713, 3.72488, 0.07885],
[-4.10715, -5.58248, 4.0, 0.07387],
[-3.8178, -5.64999, 4.0, 0.07428],
[-3.52549, -5.71087, 4.0, 0.07465],
[-3.23084, -5.76636, 4.0, 0.07496],
[-2.93443, -5.81774, 4.0, 0.07521],
[-2.63677, -5.86634, 4.0, 0.0754],
[-2.33834, -5.91346, 4.0, 0.07553]]