[[3.06856, 0.70124, 3.82063, 0.03771],
[3.21411, 0.69267, 4.0, 0.03645],
[3.3613, 0.68739, 4.0, 0.03682],
[3.50969, 0.68463, 4.0, 0.0371],
[3.65889, 0.68362, 4.0, 0.0373],
[3.80856, 0.68352, 4.0, 0.03742],
[3.95832, 0.68357, 4.0, 0.03744],
[4.10808, 0.68362, 4.0, 0.03744],
[4.25783, 0.68367, 4.0, 0.03744],
[4.40759, 0.68373, 4.0, 0.03744],
[4.55735, 0.68378, 4.0, 0.03744],
[4.70711, 0.68384, 4.0, 0.03744],
[4.85687, 0.68389, 3.78832, 0.03953],
[5.00663, 0.68395, 3.08935, 0.04848],
[5.15639, 0.684, 2.67254, 0.05604],
[5.30615, 0.68405, 2.3819, 0.06287],
[5.45591, 0.68412, 2.17764, 0.06877],
[5.60519, 0.68639, 2.02358, 0.07378],
[5.75334, 0.69303, 1.90085, 0.07801],
[5.89946, 0.70607, 1.80187, 0.08141],
[6.04243, 0.72727, 1.72614, 0.08373],
[6.18088, 0.75813, 1.66421, 0.08523],
[6.31327, 0.79964, 1.61371, 0.08598],
[6.43799, 0.85229, 1.57579, 0.08591],
[6.55335, 0.91608, 1.54921, 0.08509],
[6.65775, 0.99054, 1.53296, 0.08366],
[6.74981, 1.07476, 1.52618, 0.08175],
[6.82836, 1.16748, 1.52618, 0.07962],
[6.89247, 1.26726, 1.52618, 0.07771],
[6.9415, 1.37251, 1.52618, 0.07608],
[6.9751, 1.48157, 1.52618, 0.07477],
[6.99315, 1.59278, 1.52618, 0.07382],
[6.99575, 1.70455, 1.53118, 0.07301],
[6.98318, 1.81536, 1.54357, 0.07225],
[6.95585, 1.92382, 1.56775, 0.07134],
[6.91429, 2.02863, 1.60308, 0.07034],
[6.85916, 2.12866, 1.6533, 0.06909],
[6.79125, 2.22295, 1.71896, 0.0676],
[6.71148, 2.31072, 1.80134, 0.06584],
[6.62084, 2.39142, 1.90422, 0.06373],
[6.5204, 2.46476, 2.03346, 0.06116],
[6.41129, 2.5307, 2.1991, 0.05797],
[6.29474, 2.58953, 2.42226, 0.0539],
[6.172, 2.64188, 2.72617, 0.04895],
[6.04437, 2.68867, 3.19961, 0.04249],
[5.91318, 2.73115, 4.0, 0.03447],
[5.77978, 2.77083, 4.0, 0.03479],
[5.64557, 2.81218, 4.0, 0.03511],
[5.51217, 2.8553, 3.9781, 0.03524],
[5.37976, 2.9006, 3.9781, 0.03518],
[5.24853, 2.94844, 3.9781, 0.03511],
[5.11862, 2.99911, 3.9781, 0.03505],
[4.99013, 3.05283, 3.9781, 0.03501],
[4.86312, 3.10967, 3.9781, 0.03498],
[4.73761, 3.16967, 4.0, 0.03478],
[4.61359, 3.23276, 4.0, 0.03479],
[4.49102, 3.29884, 4.0, 0.03481],
[4.36983, 3.36774, 4.0, 0.03485],
[4.24993, 3.43925, 4.0, 0.0349],
[4.13121, 3.51312, 4.0, 0.03496],
[4.01355, 3.58908, 4.0, 0.03501],
[3.89683, 3.66687, 3.48927, 0.0402],
[3.78091, 3.74621, 3.0972, 0.04535],
[3.66566, 3.82682, 2.81845, 0.0499],
[3.55187, 3.90779, 2.61348, 0.05343],
[3.43712, 3.98685, 2.45593, 0.05674],
[3.32087, 4.06294, 2.32792, 0.05969],
[3.20257, 4.13497, 2.22639, 0.06221],
[3.08173, 4.20189, 2.14555, 0.06438],
[2.9579, 4.26264, 2.07401, 0.0665],
[2.83073, 4.31618, 2.01902, 0.06834],
[2.70003, 4.36138, 1.97598, 0.06999],
[2.56591, 4.39706, 1.94085, 0.0715],
[2.42898, 4.42196, 1.91739, 0.07258],
[2.29048, 4.43495, 1.90047, 0.0732],
[2.15224, 4.43514, 1.89142, 0.07309],
[2.01642, 4.42222, 1.89142, 0.07213],
[1.88503, 4.39644, 1.89142, 0.07079],
[1.75968, 4.35846, 1.89142, 0.06925],
[1.64146, 4.30918, 1.89142, 0.06772],
[1.53102, 4.24954, 1.89142, 0.06636],
[1.42879, 4.1804, 1.89444, 0.06515],
[1.33495, 4.1026, 1.90086, 0.06413],
[1.24965, 4.0168, 1.91976, 0.06302],
[1.17295, 3.92365, 1.94558, 0.06202],
[1.1049, 3.82369, 1.98011, 0.06107],
[1.04556, 3.71741, 2.02267, 0.06018],
[0.99497, 3.60526, 2.07262, 0.05936],
[0.95318, 3.48766, 2.1344, 0.05847],
[0.92024, 3.36501, 2.19335, 0.0579],
[0.89624, 3.23766, 2.26849, 0.05712],
[0.88123, 3.10601, 2.35097, 0.05636],
[0.87524, 2.97046, 2.44273, 0.05555],
[0.87824, 2.83142, 2.53915, 0.05477],
[0.89019, 2.68937, 2.64011, 0.054],
[0.91101, 2.54483, 2.57572, 0.05669],
[0.94049, 2.39854, 2.51453, 0.05935],
[0.97701, 2.25608, 2.4557, 0.05989],
[1.02013, 2.11903, 2.40007, 0.05986],
[1.06965, 1.98755, 2.34214, 0.05998],
[1.1254, 1.86177, 2.2874, 0.06015],
[1.18724, 1.74179, 2.22817, 0.06058],
[1.25505, 1.62771, 2.16115, 0.0614],
[1.32875, 1.51969, 2.16115, 0.06051],
[1.40829, 1.41788, 2.16115, 0.05978],
[1.49367, 1.32251, 2.16115, 0.05923],
[1.58493, 1.23385, 2.16115, 0.05887],
[1.68216, 1.15231, 2.16115, 0.05872],
[1.78556, 1.07847, 2.23892, 0.05675],
[1.89461, 1.01197, 2.32167, 0.05501],
[2.00886, 0.95255, 2.41056, 0.05342],
[2.12792, 0.89996, 2.50942, 0.05187],
[2.25146, 0.85395, 2.61492, 0.05041],
[2.37914, 0.8143, 2.73493, 0.04889],
[2.51067, 0.78077, 2.87386, 0.04723],
[2.64572, 0.75307, 3.03191, 0.04547],
[2.78396, 0.73088, 3.23523, 0.04328],
[2.92504, 0.71378, 3.49242, 0.04069]]